0 0 120 125 118
1 0 115 120 113
2 0 123 128 121
3 0 118 123 116
4 0 116 121 114
5 0 120 125 118
6 0 124 129 122
7 0 128 133 126
8 0 110 115 108
9 0 99 104 97
10 0 120 125 118
11 0 107 112 105
12 0 127 132 125
13 0 113 118 111
14 0 114 119 112
15 0 120 125 118
16 0 116 105 103
17 0 134 129 125
18 0 110 99 93
19 0 124 84 85
20 0 163 77 90
21 0 170 51 70
22 0 178 52 66
23 0 176 56 65
24 0 171 56 59
25 0 177 54 57
26 0 183 52 57
27 0 183 57 61
28 0 179 60 64
29 0 174 61 65
30 0 178 58 68
31 0 184 56 69
32 0 177 57 67
33 0 180 60 70
34 0 180 56 67
35 0 187 59 72
36 0 190 55 70
37 0 189 57 71
38 0 181 61 73
39 0 161 69 74
40 0 165 104 103
41 0 149 119 111
42 0 139 129 119
43 0 127 124 117
44 0 122 123 118
45 0 123 125 124
46 0 128 133 136
47 0 128 136 139
48 0 134 139 132
49 0 128 133 126
0 1 124 129 122
1 1 117 122 115
2 1 118 123 116
3 1 118 123 116
4 1 116 121 114
5 1 118 123 116
6 1 134 139 132
7 1 124 129 122
8 1 116 121 114
9 1 105 110 103
10 1 118 123 116
11 1 99 104 97
12 1 137 142 135
13 1 113 118 111
14 1 115 120 113
15 1 109 114 107
16 1 116 111 107
17 1 125 124 119
18 1 120 113 107
19 1 124 90 89
20 1 158 82 92
21 1 164 56 71
22 1 174 53 68
23 1 170 50 59
24 1 176 57 61
25 1 179 54 58
26 1 181 52 56
27 1 179 53 57
28 1 174 55 59
29 1 173 56 62
30 1 180 56 66
31 1 186 55 69
32 1 182 58 69
33 1 188 64 75
34 1 181 59 70
35 1 183 57 69
36 1 184 53 67
37 1 188 57 71
38 1 181 59 72
39 1 162 61 69
40 1 158 86 89
41 1 145 101 98
42 1 141 121 114
43 1 126 121 115
44 1 121 122 117
45 1 121 125 124
46 1 135 139 140
47 1 136 140 143
48 1 144 147 140
49 1 128 131 124
0 2 124 129 122
1 2 118 123 116
2 2 114 119 112
3 2 113 118 111
4 2 122 127 120
5 2 122 127 120
6 2 129 134 127
7 2 116 121 114
8 2 113 118 111
9 2 105 110 103
10 2 117 122 115
11 2 105 110 103
12 2 132 137 130
13 2 110 115 108
14 2 119 124 117
15 2 114 119 112
16 2 122 125 118
17 2 128 131 124
18 2 130 127 120
19 2 124 100 96
20 2 148 92 95
21 2 158 71 80
22 2 165 55 66
23 2 172 50 61
24 2 178 53 61
25 2 180 51 56
26 2 181 52 57
27 2 179 54 58
28 2 179 56 61
29 2 179 55 63
30 2 183 53 65
31 2 187 52 67
32 2 187 56 70
33 2 187 61 73
34 2 179 57 68
35 2 178 57 66
36 2 175 54 63
37 2 182 56 68
38 2 179 55 66
39 2 167 53 63
40 2 159 66 74
41 2 150 84 86
42 2 153 115 112
43 2 138 125 119
44 2 130 131 125
45 2 128 133 129
46 2 146 148 147
47 2 146 146 148
48 2 136 137 131
49 2 131 132 126
0 3 118 123 116
1 3 118 123 116
2 3 115 120 113
3 3 108 113 106
4 3 126 131 124
5 3 127 132 125
6 3 113 118 111
7 3 110 115 108
8 3 117 122 115
9 3 102 107 100
10 3 110 115 108
11 3 119 124 117
12 3 118 123 116
13 3 117 122 115
14 3 121 126 119
15 3 117 122 115
16 3 130 140 132
17 3 136 143 135
18 3 135 135 127
19 3 123 110 104
20 3 133 98 96
21 3 154 90 91
22 3 152 55 64
23 3 174 52 63
24 3 183 51 62
25 3 182 51 59
26 3 180 54 58
27 3 180 57 60
28 3 180 55 61
29 3 182 52 62
30 3 183 48 62
31 3 184 48 62
32 3 187 52 66
33 3 184 54 66
34 3 175 51 61
35 3 174 57 65
36 3 173 56 64
37 3 176 55 64
38 3 178 52 64
39 3 177 51 65
40 3 170 55 68
41 3 161 70 79
42 3 158 99 103
43 3 140 112 109
44 3 130 125 119
45 3 121 123 118
46 3 132 132 130
47 3 137 133 134
48 3 132 133 127
49 3 137 138 132
0 4 113 120 112
1 4 118 125 117
2 4 117 124 116
3 4 110 117 109
4 4 121 128 120
5 4 122 129 121
6 4 111 118 110
7 4 116 123 115
8 4 116 123 115
9 4 111 118 110
10 4 119 126 118
11 4 129 136 128
12 4 108 115 107
13 4 121 128 120
14 4 112 119 111
15 4 117 124 116
16 4 136 149 140
17 4 137 144 136
18 4 140 141 133
19 4 127 123 114
20 4 123 106 98
21 4 148 104 101
22 4 152 71 77
23 4 172 54 66
24 4 188 52 66
25 4 185 51 60
26 4 177 52 58
27 4 172 52 54
28 4 174 49 55
29 4 179 45 56
30 4 180 44 56
31 4 181 45 59
32 4 182 47 61
33 4 181 49 62
34 4 173 47 58
35 4 176 56 65
36 4 173 58 65
37 4 177 57 66
38 4 181 54 65
39 4 185 50 65
40 4 176 45 63
41 4 170 55 70
42 4 159 76 84
43 4 141 95 97
44 4 140 121 117
45 4 130 125 119
46 4 138 134 131
47 4 148 143 140
48 4 131 134 127
49 4 128 131 124
0 5 114 121 113
1 5 118 125 117
2 5 121 128 120
3 5 121 128 120
4 5 116 123 115
5 5 114 121 113
6 5 126 133 125
7 5 125 132 124
8 5 109 116 108
9 5 123 130 122
10 5 131 138 130
11 5 128 135 127
12 5 115 122 114
13 5 126 133 125
14 5 109 116 108
15 5 120 127 119
16 5 124 137 128
17 5 124 129 122
18 5 137 136 131
19 5 128 128 120
20 5 117 113 102
21 5 135 110 103
22 5 160 94 96
23 5 167 57 68
24 5 181 46 61
25 5 180 46 57
26 5 172 49 54
27 5 169 50 54
28 5 172 47 53
29 5 177 43 54
30 5 177 43 54
31 5 175 43 54
32 5 176 44 57
33 5 179 49 59
34 5 175 48 57
35 5 177 53 61
36 5 173 54 60
37 5 178 57 64
38 5 181 54 65
39 5 183 46 62
40 5 182 43 62
41 5 178 49 69
42 5 166 61 75
43 5 151 82 87
44 5 146 108 107
45 5 135 117 113
46 5 133 124 119
47 5 136 131 125
48 5 124 129 122
49 5 128 135 127
0 6 117 124 116
1 6 114 121 113
2 6 126 133 125
3 6 126 133 125
4 6 125 132 124
5 6 115 122 114
6 6 131 138 130
7 6 121 128 120
8 6 114 121 113
9 6 122 129 121
10 6 124 131 123
11 6 122 129 121
12 6 133 140 132
13 6 136 143 135
14 6 115 122 114
15 6 114 121 113
16 6 106 117 109
17 6 121 123 118
18 6 127 124 119
19 6 123 124 116
20 6 110 113 102
21 6 122 109 100
22 6 154 103 102
23 6 162 65 74
24 6 172 46 60
25 6 175 45 57
26 6 172 48 56
27 6 171 52 56
28 6 175 50 56
29 6 176 46 54
30 6 175 45 55
31 6 173 46 55
32 6 172 47 55
33 6 178 51 60
34 6 177 47 57
35 6 180 50 60
36 6 176 49 58
37 6 178 53 61
38 6 179 52 61
39 6 180 45 59
40 6 180 42 58
41 6 180 44 64
42 6 172 54 70
43 6 165 72 83
44 6 153 91 94
45 6 150 115 113
46 6 143 126 119
47 6 135 126 117
48 6 113 120 112
49 6 129 136 128
0 7 119 126 118
1 7 109 116 108
2 7 131 138 130
3 7 125 132 124
4 7 140 147 139
5 7 124 131 123
6 7 122 129 121
7 7 110 117 109
8 7 123 130 122
9 7 120 127 119
10 7 119 126 118
11 7 127 134 126
12 7 138 145 137
13 7 132 139 131
14 7 118 125 117
15 7 110 117 109
16 7 107 114 107
17 7 139 140 134
18 7 125 122 117
19 7 123 124 118
20 7 111 117 105
21 7 119 112 102
22 7 144 104 102
23 7 161 80 87
24 7 171 56 69
25 7 176 52 63
26 7 175 51 61
27 7 173 52 59
28 7 175 50 56
29 7 176 49 56
30 7 176 49 56
31 7 176 52 60
32 7 173 52 59
33 7 177 52 60
34 7 177 45 56
35 7 186 50 62
36 7 184 48 60
37 7 179 47 58
38 7 176 49 58
39 7 180 50 62
40 7 181 49 63
41 7 181 46 63
42 7 178 49 67
43 7 174 62 78
44 7 157 71 80
45 7 164 108 109
46 7 158 129 123
47 7 140 126 115
48 7 126 129 122
49 7 134 137 130
0 8 125 132 124
1 8 113 120 112
2 8 127 134 126
3 8 117 124 116
4 8 124 131 123
5 8 126 133 125
6 8 132 139 131
7 8 123 130 122
8 8 122 129 121
9 8 117 124 116
10 8 120 127 119
11 8 128 135 127
12 8 133 140 132
13 8 127 134 126
14 8 119 126 118
15 8 116 123 115
16 8 109 116 108
17 8 147 148 142
18 8 124 123 118
19 8 120 121 115
20 8 123 126 117
21 8 117 114 105
22 8 124 96 92
23 8 156 94 97
24 8 157 62 70
25 8 173 57 68
26 8 169 45 56
27 8 180 53 62
28 8 178 51 60
29 8 173 46 53
30 8 173 48 54
31 8 175 52 57
32 8 171 52 58
33 8 177 52 60
34 8 181 49 60
35 8 187 49 62
36 8 187 47 60
37 8 183 47 59
38 8 183 53 63
39 8 176 50 61
40 8 175 49 60
41 8 178 50 63
42 8 178 47 63
43 8 173 48 66
44 8 161 56 70
45 8 162 87 92
46 8 168 123 118
47 8 156 129 120
48 8 140 137 132
49 8 129 128 123
0 9 118 125 117
1 9 121 128 120
2 9 115 122 114
3 9 111 118 110
4 9 116 123 115
5 9 129 136 128
6 9 135 142 134
7 9 131 138 130
8 9 120 127 119
9 9 117 124 116
10 9 126 133 125
11 9 130 137 129
12 9 139 146 138
13 9 145 152 144
14 9 115 122 114
15 9 125 132 124
16 9 117 127 118
17 9 132 137 130
18 9 122 125 118
19 9 110 113 106
20 9 124 127 120
21 9 117 114 107
22 9 123 106 99
23 9 149 105 104
24 9 154 77 83
25 9 154 48 58
26 9 175 50 64
27 9 180 48 61
28 9 177 43 54
29 9 175 45 55
30 9 178 51 58
31 9 172 45 52
32 9 172 51 58
33 9 177 52 60
34 9 179 49 59
35 9 185 49 61
36 9 186 46 59
37 9 185 45 58
38 9 183 49 60
39 9 172 46 57
40 9 168 47 56
41 9 173 49 60
42 9 178 50 65
43 9 177 48 66
44 9 166 50 63
45 9 162 69 77
46 9 166 100 101
47 9 163 116 110
48 9 139 131 128
49 9 130 122 119
0 10 119 126 118
1 10 121 128 120
2 10 114 121 113
3 10 116 123 115
4 10 128 135 127
5 10 142 149 141
6 10 129 136 128
7 10 128 135 127
8 10 132 139 131
9 10 128 135 127
10 10 122 129 121
11 10 124 131 123
12 10 136 143 135
13 10 145 152 144
14 10 105 112 104
15 10 126 133 125
16 10 126 138 128
17 10 125 137 127
18 10 126 133 125
19 10 111 116 109
20 10 130 131 125
21 10 126 126 118
22 10 123 114 107
23 10 137 109 105
24 10 149 93 94
25 10 152 61 68
26 10 174 54 66
27 10 179 44 59
28 10 179 43 57
29 10 180 46 57
30 10 180 49 57
31 10 174 44 52
32 10 175 50 58
33 10 176 51 59
34 10 178 48 58
35 10 182 48 59
36 10 183 45 58
37 10 184 44 57
38 10 182 46 58
39 10 171 44 55
40 10 168 47 56
41 10 168 46 57
42 10 177 51 63
43 10 177 49 64
44 10 170 48 61
45 10 161 55 65
46 10 160 75 78
47 10 165 95 95
48 10 141 126 121
49 10 140 125 120
0 11 131 138 130
1 11 130 137 129
2 11 113 120 112
3 11 121 128 120
4 11 136 143 135
5 11 128 135 127
6 11 131 138 130
7 11 128 135 127
8 11 128 135 127
9 11 126 133 125
10 11 106 113 105
11 11 120 127 119
12 11 140 147 139
13 11 145 152 144
14 11 125 132 124
15 11 143 150 142
16 11 129 143 130
17 11 131 145 132
18 11 123 135 125
19 11 119 124 117
20 11 136 137 131
21 11 144 143 138
22 11 125 122 115
23 11 124 111 103
24 11 138 98 96
25 11 155 79 83
26 11 164 52 64
27 11 180 48 62
28 11 183 45 60
29 11 185 49 61
30 11 181 49 60
31 11 179 48 56
32 11 180 50 62
33 11 177 50 61
34 11 177 50 61
35 11 179 49 61
36 11 182 46 60
37 11 183 45 60
38 11 184 46 61
39 11 177 45 58
40 11 175 49 60
41 11 171 47 57
42 11 174 50 61
43 11 175 49 61
44 11 174 49 63
45 11 168 52 63
46 11 159 58 64
47 11 167 75 80
48 11 145 120 116
49 11 155 130 126
0 12 135 140 133
1 12 125 130 123
2 12 126 131 124
3 12 123 128 121
4 12 127 132 125
5 12 122 127 120
6 12 127 132 125
7 12 137 142 135
8 12 120 125 118
9 12 126 131 124
10 12 111 116 109
11 12 124 129 122
12 12 140 145 138
13 12 136 141 134
14 12 130 135 128
15 12 131 136 129
16 12 127 139 127
17 12 136 148 136
18 12 117 129 119
19 12 122 127 120
20 12 139 140 135
21 12 146 145 140
22 12 125 126 118
23 12 122 118 109
24 12 127 102 97
25 12 143 83 83
26 12 157 60 69
27 12 176 54 67
28 12 180 45 60
29 12 185 51 62
30 12 184 52 63
31 12 179 49 57
32 12 183 53 65
33 12 181 51 63
34 12 180 53 64
35 12 181 51 63
36 12 181 46 60
37 12 184 48 62
38 12 187 49 64
39 12 185 49 63
40 12 181 49 62
41 12 176 49 60
42 12 175 49 61
43 12 173 47 59
44 12 175 51 62
45 12 172 52 62
46 12 165 49 60
47 12 171 60 69
48 12 148 107 105
49 12 162 121 119
0 13 123 128 121
1 13 128 133 126
2 13 126 131 124
3 13 133 138 131
4 13 128 133 126
5 13 127 132 125
6 13 137 142 135
7 13 133 138 131
8 13 119 124 117
9 13 128 133 126
10 13 130 135 128
11 13 133 138 131
12 13 143 148 141
13 13 144 149 142
14 13 141 146 139
15 13 131 136 129
16 13 125 133 120
17 13 139 147 136
18 13 129 136 128
19 13 132 135 128
20 13 139 138 134
21 13 127 126 122
22 13 120 123 116
23 13 126 126 116
24 13 125 111 102
25 13 137 92 89
26 13 160 79 85
27 13 164 52 64
28 13 179 51 64
29 13 183 53 65
30 13 172 45 54
31 13 177 52 60
32 13 183 55 68
33 13 183 53 65
34 13 185 55 67
35 13 183 51 64
36 13 182 47 61
37 13 185 50 64
38 13 186 50 64
39 13 187 51 65
40 13 182 46 60
41 13 183 48 62
42 13 180 48 62
43 13 174 46 59
44 13 175 49 61
45 13 174 50 61
46 13 172 48 59
47 13 176 52 63
48 13 151 87 88
49 13 161 97 98
0 14 125 130 123
1 14 129 134 127
2 14 131 136 129
3 14 129 134 127
4 14 126 131 124
5 14 144 149 142
6 14 138 143 136
7 14 133 138 131
8 14 127 132 125
9 14 129 134 127
10 14 129 134 127
11 14 127 132 125
12 14 138 143 136
13 14 142 147 140
14 14 137 142 135
15 14 124 129 122
16 14 130 132 121
17 14 141 142 134
18 14 140 141 133
19 14 138 137 132
20 14 137 133 130
21 14 121 120 116
22 14 124 127 120
23 14 133 134 126
24 14 130 121 112
25 14 141 108 103
26 14 159 93 94
27 14 158 58 66
28 14 175 55 65
29 14 179 53 64
30 14 167 43 51
31 14 174 55 61
32 14 182 56 68
33 14 182 51 65
34 14 188 53 68
35 14 186 49 65
36 14 183 48 63
37 14 187 52 67
38 14 185 50 64
39 14 187 51 65
40 14 185 44 60
41 14 188 47 63
42 14 182 46 60
43 14 178 46 60
44 14 174 48 60
45 14 174 48 60
46 14 178 47 61
47 14 179 47 61
48 14 153 66 72
49 14 160 73 79
0 15 124 129 122
1 15 133 138 131
2 15 134 139 132
3 15 130 135 128
4 15 129 134 127
5 15 142 147 140
6 15 135 140 133
7 15 129 134 127
8 15 137 142 135
9 15 130 135 128
10 15 117 122 115
11 15 123 128 121
12 15 137 142 135
13 15 138 143 136
14 15 132 137 130
15 15 117 122 115
16 15 140 137 128
17 15 138 135 126
18 15 130 130 122
19 15 131 128 123
20 15 132 128 125
21 15 135 134 130
22 15 141 142 136
23 15 141 144 135
24 15 134 130 119
25 15 141 114 107
26 15 152 94 92
27 15 164 73 78
28 15 165 49 58
29 15 176 52 62
30 15 175 56 62
31 15 168 55 59
32 15 178 54 65
33 15 179 48 62
34 15 187 50 66
35 15 186 48 64
36 15 185 48 64
37 15 186 54 68
38 15 184 52 66
39 15 186 49 65
40 15 188 45 63
41 15 191 46 63
42 15 183 42 58
43 15 181 46 60
44 15 177 50 61
45 15 176 49 60
46 15 181 49 62
47 15 179 44 58
48 15 155 54 62
49 15 161 60 68
0 16 130 133 126
1 16 143 146 139
2 16 149 152 145
3 16 137 140 133
4 16 119 122 115
5 16 127 130 123
6 16 122 125 118
7 16 130 133 126
8 16 123 126 119
9 16 122 125 118
10 16 121 124 117
11 16 122 125 118
12 16 131 134 127
13 16 124 127 120
14 16 134 137 130
15 16 123 126 119
16 16 122 128 118
17 16 143 143 135
18 16 138 133 127
19 16 123 120 113
20 16 131 136 129
21 16 132 142 133
22 16 148 155 148
23 16 134 136 131
24 16 138 137 132
25 16 133 126 120
26 16 137 113 109
27 16 143 89 89
28 16 154 63 70
29 16 166 49 58
30 16 187 55 66
31 16 185 51 60
32 16 186 50 62
33 16 180 55 63
34 16 174 59 66
35 16 173 60 66
36 16 178 56 67
37 16 188 51 67
38 16 193 47 66
39 16 193 45 67
40 16 190 47 67
41 16 187 48 67
42 16 185 48 66
43 16 183 46 64
44 16 183 45 61
45 16 187 46 63
46 16 189 46 64
47 16 189 46 64
48 16 180 49 63
49 16 180 49 63
0 17 129 132 125
1 17 141 144 137
2 17 141 144 137
3 17 143 146 139
4 17 108 111 104
5 17 118 121 114
6 17 120 123 116
7 17 138 141 134
8 17 118 121 114
9 17 122 125 118
10 17 134 137 130
11 17 114 117 110
12 17 124 127 120
13 17 130 133 126
14 17 114 117 110
15 17 129 132 125
16 17 132 138 128
17 17 137 137 129
18 17 138 133 127
19 17 126 123 116
20 17 126 131 124
21 17 140 150 141
22 17 143 150 143
23 17 128 130 125
24 17 144 141 136
25 17 135 128 122
26 17 141 120 115
27 17 149 99 98
28 17 161 76 83
29 17 167 53 63
30 17 176 49 60
31 17 188 57 65
32 17 185 53 64
33 17 182 57 65
34 17 175 58 66
35 17 173 56 64
36 17 178 54 65
37 17 185 50 65
38 17 188 47 64
39 17 185 46 65
40 17 184 49 66
41 17 181 50 66
42 17 181 50 66
43 17 180 48 62
44 17 181 46 61
45 17 182 47 62
46 17 181 49 63
47 17 181 49 63
48 17 179 48 62
49 17 179 48 62
0 18 138 141 134
1 18 123 126 119
2 18 134 137 130
3 18 126 129 122
4 18 119 122 115
5 18 132 135 128
6 18 127 130 123
7 18 151 154 147
8 18 124 127 120
9 18 133 136 129
10 18 141 144 137
11 18 115 118 111
12 18 140 143 136
13 18 128 131 124
14 18 115 118 111
15 18 127 130 123
16 18 129 137 126
17 18 142 142 134
18 18 144 139 133
19 18 138 135 128
20 18 124 129 122
21 18 142 152 143
22 18 133 140 133
23 18 145 147 142
24 18 134 131 126
25 18 139 132 126
26 18 152 133 127
27 18 150 106 105
28 18 156 81 85
29 18 170 65 72
30 18 177 56 65
31 18 183 53 63
32 18 184 54 64
33 18 181 56 64
34 18 177 56 65
35 18 175 54 63
36 18 179 52 63
37 18 185 50 65
38 18 185 50 65
39 18 182 51 65
40 18 175 51 62
41 18 176 52 63
42 18 177 51 63
43 18 179 48 62
44 18 178 46 60
45 18 177 46 60
46 18 174 48 60
47 18 171 50 59
48 18 176 44 57
49 18 176 44 57
0 19 137 140 133
1 19 120 123 116
2 19 137 140 133
3 19 126 129 122
4 19 140 143 136
5 19 144 147 140
6 19 124 127 120
7 19 138 141 134
8 19 132 135 128
9 19 137 140 133
10 19 127 130 123
11 19 137 140 133
12 19 149 152 145
13 19 140 143 136
14 19 120 123 116
15 19 114 117 110
16 19 137 145 134
17 19 138 139 131
18 19 149 144 138
19 19 133 130 123
20 19 141 146 139
21 19 131 143 133
22 19 138 148 140
23 19 139 141 136
24 19 128 125 120
25 19 129 124 118
26 19 142 129 123
27 19 153 120 115
28 19 154 92 93
29 19 161 69 74
30 19 174 60 68
31 19 180 54 65
32 19 181 54 63
33 19 180 55 63
34 19 179 53 64
35 19 181 51 63
36 19 184 49 63
37 19 186 50 64
38 19 185 50 65
39 19 180 52 65
40 19 175 51 62
41 19 175 51 62
42 19 178 47 61
43 19 180 43 59
44 19 182 41 58
45 19 178 41 57
46 19 171 44 55
47 19 166 45 54
48 19 171 39 50
49 19 171 39 50
0 20 137 140 133
1 20 138 141 134
2 20 132 135 128
3 20 138 141 134
4 20 123 126 119
5 20 133 136 129
6 20 132 135 128
7 20 139 142 135
8 20 133 136 129
9 20 121 124 117
10 20 144 147 140
11 20 148 151 144
12 20 148 151 144
13 20 140 143 136
14 20 130 133 126
15 20 118 121 114
16 20 135 145 134
17 20 137 138 130
18 20 143 138 132
19 20 139 136 129
20 20 136 141 134
21 20 122 134 124
22 20 143 153 145
23 20 119 121 116
24 20 129 125 122
25 20 131 126 122
26 20 127 118 111
27 20 147 127 120
28 20 160 112 110
29 20 156 77 82
30 20 166 62 71
31 20 171 53 65
32 20 181 51 61
33 20 182 52 62
34 20 184 50 61
35 20 184 48 62
36 20 186 45 61
37 20 185 44 60
38 20 182 44 59
39 20 177 45 59
40 20 173 45 58
41 20 174 46 59
42 20 178 43 58
43 20 181 38 56
44 20 182 35 53
45 20 181 36 53
46 20 176 38 53
47 20 171 39 52
48 20 173 39 50
49 20 173 39 50
0 21 140 143 136
1 21 134 137 130
2 21 133 136 129
3 21 144 147 140
4 21 118 121 114
5 21 136 139 132
6 21 142 145 138
7 21 137 140 133
8 21 134 137 130
9 21 122 125 118
10 21 138 141 134
11 21 146 149 142
12 21 131 134 127
13 21 143 146 139
14 21 138 141 134
15 21 131 134 127
16 21 115 125 114
17 21 144 147 138
18 21 136 131 125
19 21 148 145 138
20 21 127 130 123
21 21 125 137 127
22 21 136 146 137
23 21 124 126 121
24 21 136 132 129
25 21 141 138 133
26 21 116 113 106
27 21 137 127 118
28 21 160 129 124
29 21 152 90 91
30 21 155 64 71
31 21 162 52 63
32 21 180 46 57
33 21 182 46 60
34 21 183 45 60
35 21 184 43 59
36 21 183 42 58
37 21 182 41 57
38 21 180 39 55
39 21 175 39 53
40 21 173 41 54
41 21 173 41 54
42 21 175 40 54
43 21 178 37 53
44 21 182 35 53
45 21 182 35 53
46 21 180 38 54
47 21 176 38 53
48 21 174 38 50
49 21 174 38 50
0 22 155 158 151
1 22 128 131 124
2 22 135 138 131
3 22 128 131 124
4 22 128 131 124
5 22 137 140 133
6 22 141 144 137
7 22 134 137 130
8 22 140 143 136
9 22 126 129 122
10 22 119 122 115
11 22 121 124 117
12 22 142 145 138
13 22 135 138 131
14 22 140 143 136
15 22 124 127 120
16 22 117 127 116
17 22 139 142 133
18 22 129 126 119
19 22 130 127 120
20 22 142 145 136
21 22 131 141 132
22 22 133 143 134
23 22 136 138 133
24 22 144 140 137
25 22 139 136 131
26 22 115 116 108
27 22 135 135 125
28 22 150 133 125
29 22 141 93 91
30 22 147 68 73
31 22 156 56 66
32 22 174 39 53
33 22 177 41 55
34 22 179 41 56
35 22 179 41 56
36 22 179 41 56
37 22 179 41 56
38 22 177 39 54
39 22 176 38 53
40 22 174 39 53
41 22 172 42 54
42 22 171 44 55
43 22 173 43 55
44 22 177 41 55
45 22 181 40 56
46 22 180 42 57
47 22 177 42 56
48 22 186 45 61
49 22 186 45 61
0 23 138 141 134
1 23 126 129 122
2 23 131 134 127
3 23 126 129 122
4 23 146 149 142
5 23 129 132 125
6 23 134 137 130
7 23 130 133 126
8 23 130 133 126
9 23 134 137 130
10 23 127 130 123
11 23 126 129 122
12 23 153 156 149
13 23 128 131 124
14 23 123 126 119
15 23 127 130 123
16 23 133 143 132
17 23 130 133 124
18 23 125 122 115
19 23 123 120 113
20 23 145 148 139
21 23 131 141 132
22 23 126 136 127
23 23 140 142 137
24 23 138 134 131
25 23 137 134 129
26 23 127 130 123
27 23 131 137 125
28 23 123 116 106
29 23 133 100 95
30 23 148 83 87
31 23 140 53 62
32 23 168 41 52
33 23 173 41 54
34 23 176 41 55
35 23 177 42 56
36 23 175 43 56
37 23 175 43 56
38 23 176 41 55
39 23 176 40 54
40 23 175 40 54
41 23 171 45 56
42 23 169 49 58
43 23 171 50 59
44 23 175 48 59
45 23 178 46 59
46 23 178 46 59
47 23 176 45 59
48 23 178 37 53
49 23 177 36 52
0 24 112 115 108
1 24 134 137 130
2 24 118 121 114
3 24 148 151 144
4 24 129 132 125
5 24 121 124 117
6 24 126 129 122
7 24 120 123 116
8 24 138 141 134
9 24 142 145 138
10 24 128 131 124
11 24 134 137 130
12 24 146 149 142
13 24 124 127 120
14 24 114 117 110
15 24 145 148 141
16 24 126 136 127
17 24 127 130 123
18 24 115 115 107
19 24 140 140 132
20 24 149 152 143
21 24 127 134 126
22 24 128 138 129
23 24 142 145 138
24 24 135 134 130
25 24 139 138 134
26 24 144 149 142
27 24 120 130 119
28 24 116 120 106
29 24 151 131 124
30 24 146 94 96
31 24 136 63 70
32 24 169 53 62
33 24 168 46 57
34 24 177 46 60
35 24 177 46 60
36 24 173 46 57
37 24 174 48 59
38 24 177 45 58
39 24 180 44 58
40 24 180 45 59
41 24 175 49 60
42 24 175 54 63
43 24 174 53 62
44 24 177 47 59
45 24 180 45 60
46 24 182 47 62
47 24 178 46 60
48 24 179 44 61
49 24 177 42 59
0 25 120 123 116
1 25 142 145 138
2 25 124 127 120
3 25 146 149 142
4 25 127 130 123
5 25 124 127 120
6 25 125 128 121
7 25 130 133 126
8 25 142 145 138
9 25 142 145 138
10 25 109 112 105
11 25 140 143 136
12 25 140 143 136
13 25 123 126 119
14 25 126 129 122
15 25 119 122 115
16 25 129 136 128
17 25 128 131 124
18 25 130 131 125
19 25 146 146 138
20 25 134 137 128
21 25 130 136 126
22 25 139 146 138
23 25 130 133 126
24 25 144 143 138
25 25 141 140 135
26 25 135 140 133
27 25 120 132 120
28 25 127 135 122
29 25 144 134 125
30 25 135 97 94
31 25 125 66 70
32 25 150 54 58
33 25 160 49 58
34 25 169 43 57
35 25 177 46 60
36 25 178 50 63
37 25 177 51 62
38 25 175 45 57
39 25 180 45 59
40 25 186 50 64
41 25 178 48 60
42 25 174 47 58
43 25 176 44 57
44 25 180 42 58
45 25 186 43 61
46 25 186 48 64
47 25 180 47 64
48 25 172 54 68
49 25 173 55 69
0 26 132 135 128
1 26 149 152 145
2 26 131 134 127
3 26 136 139 132
4 26 129 132 125
5 26 146 149 142
6 26 143 146 139
7 26 144 147 140
8 26 144 147 140
9 26 122 125 118
10 26 111 114 107
11 26 148 151 144
12 26 135 138 131
13 26 129 132 125
14 26 128 131 124
15 26 107 110 103
16 26 136 139 132
17 26 133 136 129
18 26 139 140 134
19 26 128 129 121
20 26 131 132 124
21 26 122 128 118
22 26 132 140 129
23 26 125 130 123
24 26 139 140 134
25 26 132 131 126
26 26 127 130 123
27 26 133 143 132
28 26 148 159 145
29 26 145 143 131
30 26 130 105 100
31 26 126 82 83
32 26 140 58 60
33 26 162 61 69
34 26 171 46 60
35 26 177 42 59
36 26 177 45 59
37 26 179 53 65
38 26 177 50 61
39 26 181 49 62
40 26 183 51 64
41 26 178 48 60
42 26 177 47 59
43 26 182 47 62
44 26 189 46 64
45 26 191 48 68
46 26 183 50 67
47 26 176 51 65
48 26 152 52 60
49 26 153 53 61
0 27 144 147 140
1 27 146 149 142
2 27 137 140 133
3 27 125 128 121
4 27 127 130 123
5 27 144 147 140
6 27 151 154 147
7 27 156 159 152
8 27 141 144 137
9 27 124 127 120
10 27 120 123 116
11 27 130 133 126
12 27 129 132 125
13 27 117 120 113
14 27 111 114 107
15 27 128 131 124
16 27 130 131 126
17 27 140 143 136
18 27 136 139 132
19 27 137 140 131
20 27 131 132 124
21 27 123 126 117
22 27 110 116 106
23 27 125 130 123
24 27 135 136 130
25 27 130 129 124
26 27 142 141 136
27 27 132 138 128
28 27 155 166 152
29 27 140 142 129
30 27 128 113 106
31 27 108 79 75
32 27 139 71 70
33 27 157 64 72
34 27 171 49 64
35 27 187 51 71
36 27 182 49 66
37 27 176 52 63
38 27 174 52 63
39 27 183 59 70
40 27 174 50 60
41 27 169 47 58
42 27 168 48 58
43 27 174 48 60
44 27 177 46 62
45 27 177 51 65
46 27 174 59 72
47 27 167 66 74
48 27 160 75 80
49 27 156 71 76
0 28 145 148 141
1 28 120 123 116
2 28 121 124 117
3 28 116 119 112
4 28 135 138 131
5 28 135 138 131
6 28 143 146 139
7 28 145 148 141
8 28 147 150 143
9 28 138 141 134
10 28 132 135 128
11 28 138 141 134
12 28 125 128 121
13 28 106 109 102
14 28 123 126 119
15 28 135 138 131
16 28 142 138 135
17 28 142 143 138
18 28 142 147 140
19 28 144 150 140
20 28 126 127 119
21 28 123 124 116
22 28 126 129 120
23 28 135 141 131
24 28 124 127 120
25 28 125 122 117
26 28 136 133 128
27 28 139 140 132
28 28 133 141 128
29 28 136 139 128
30 28 117 110 100
31 28 109 92 84
32 28 150 97 93
33 28 150 69 75
34 28 159 47 61
35 28 175 46 64
36 28 173 48 64
37 28 173 57 68
38 28 170 56 64
39 28 162 46 55
40 28 168 52 61
41 28 167 56 63
42 28 169 62 68
43 28 171 60 69
44 28 165 51 61
45 28 158 48 59
46 28 148 56 61
47 28 142 62 65
48 28 133 51 55
49 28 124 42 46
0 29 112 115 108
1 29 115 118 111
2 29 140 143 136
3 29 132 135 128
4 29 135 138 131
5 29 116 119 112
6 29 127 130 123
7 29 134 137 130
8 29 143 146 139
9 29 147 150 143
10 29 140 143 136
11 29 147 150 143
12 29 138 141 134
13 29 127 130 123
14 29 139 142 135
15 29 137 140 133
16 29 126 121 118
17 29 123 124 119
18 29 135 142 134
19 29 133 139 129
20 29 130 131 123
21 29 126 126 118
22 29 142 145 136
23 29 117 125 114
24 29 115 118 109
25 29 119 116 109
26 29 153 146 140
27 29 131 128 121
28 29 130 133 122
29 29 113 119 107
30 29 115 117 104
31 29 108 104 93
32 29 139 106 97
33 29 137 77 76
34 29 159 66 76
35 29 173 63 76
36 29 166 59 69
37 29 166 62 69
38 29 172 67 74
39 29 177 63 71
40 29 166 50 59
41 29 159 50 56
42 29 149 45 52
43 29 138 33 40
44 29 127 20 30
45 29 128 22 34
46 29 130 39 46
47 29 131 52 55
48 29 131 36 44
49 29 120 25 33
0 30 105 108 101
1 30 137 140 133
2 30 153 156 149
3 30 139 142 135
4 30 133 136 129
5 30 119 122 115
6 30 120 123 116
7 30 121 124 117
8 30 140 143 136
9 30 124 127 120
10 30 143 146 139
11 30 149 152 145
12 30 136 139 132
13 30 141 144 137
14 30 155 158 151
15 30 131 134 127
16 30 130 122 120
17 30 131 132 127
18 30 121 128 120
19 30 132 140 129
20 30 130 131 123
21 30 139 139 129
22 30 152 154 143
23 30 122 130 119
24 30 121 127 117
25 30 143 140 133
26 30 157 148 143
27 30 131 124 118
28 30 122 124 113
29 30 124 130 118
30 30 117 123 109
31 30 96 98 85
32 30 130 121 104
33 30 117 80 72
34 30 141 71 73
35 30 155 66 72
36 30 155 66 72
37 30 143 52 57
38 30 142 41 47
39 30 154 38 49
40 30 158 36 49
41 30 155 37 49
42 30 148 37 46
43 30 141 29 41
44 30 141 23 37
45 30 148 30 46
46 30 154 44 57
47 30 152 52 64
48 30 153 38 51
49 30 148 33 46
0 31 109 112 105
1 31 148 151 144
2 31 143 146 139
3 31 131 134 127
4 31 125 128 121
5 31 124 127 120
6 31 123 126 119
7 31 132 135 128
8 31 129 132 125
9 31 115 118 111
10 31 145 148 141
11 31 151 154 147
12 31 152 155 148
13 31 142 145 138
14 31 155 158 151
15 31 121 124 117
16 31 133 125 123
17 31 132 133 128
18 31 124 131 123
19 31 142 150 139
20 31 134 135 127
21 31 132 129 120
22 31 151 153 142
23 31 122 130 119
24 31 134 140 130
25 31 141 138 131
26 31 121 110 106
27 31 132 123 118
28 31 134 134 124
29 31 149 157 144
30 31 129 137 122
31 31 114 120 106
32 31 98 103 81
33 31 114 92 79
34 31 143 90 86
35 31 121 49 52
36 31 118 39 42
37 31 126 44 46
38 31 144 45 50
39 31 163 43 55
40 31 170 39 55
41 31 170 44 58
42 31 168 48 60
43 31 168 46 61
44 31 173 44 64
45 31 182 49 70
46 31 182 53 75
47 31 174 53 72
48 31 177 50 67
49 31 179 52 69
0 32 124 125 119
1 32 153 154 148
2 32 139 140 134
3 32 123 124 118
4 32 116 117 111
5 32 128 129 123
6 32 133 134 128
7 32 135 136 130
8 32 123 124 118
9 32 134 135 129
10 32 144 145 139
11 32 142 143 137
12 32 128 129 123
13 32 144 145 139
14 32 143 144 138
15 32 123 124 118
16 32 134 137 130
17 32 120 123 116
18 32 115 118 111
19 32 132 135 128
20 32 122 125 118
21 32 128 131 124
22 32 135 138 131
23 32 133 136 129
24 32 139 142 135
25 32 126 131 124
26 32 122 127 120
27 32 133 138 131
28 32 145 151 141
29 32 135 141 131
30 32 136 144 133
31 32 117 125 114
32 32 112 102 93
33 32 135 110 106
34 32 123 75 75
35 32 128 53 58
36 32 149 52 61
37 32 171 57 67
38 32 176 52 63
39 32 176 46 58
40 32 183 48 62
41 32 192 54 69
42 32 190 48 64
43 32 188 46 62
44 32 181 43 58
45 32 180 50 62
46 32 173 52 59
47 32 174 59 64
48 32 184 54 62
49 32 185 55 63
0 33 147 148 142
1 33 146 147 141
2 33 140 141 135
3 33 128 129 123
4 33 121 122 116
5 33 121 122 116
6 33 130 131 125
7 33 130 131 125
8 33 132 133 127
9 33 139 140 134
10 33 133 134 128
11 33 123 124 118
12 33 108 109 103
13 33 146 147 141
14 33 144 145 139
15 33 129 130 124
16 33 139 142 135
17 33 134 137 130
18 33 130 133 126
19 33 126 129 122
20 33 131 134 127
21 33 126 129 122
22 33 129 132 125
23 33 140 143 136
24 33 129 132 125
25 33 133 138 131
26 33 134 139 132
27 33 146 151 144
28 33 135 141 131
29 33 143 149 139
30 33 127 133 123
31 33 111 117 107
32 33 129 120 111
33 33 134 110 106
34 33 131 81 82
35 33 148 71 77
36 33 166 64 75
37 33 178 60 72
38 33 185 59 71
39 33 187 55 68
40 33 181 46 60
41 33 189 51 66
42 33 187 46 62
43 33 185 44 60
44 33 182 44 59
45 33 182 50 63
46 33 176 52 60
47 33 177 58 64
48 33 182 51 59
49 33 183 52 60
0 34 131 132 126
1 34 139 140 134
2 34 131 132 126
3 34 123 124 118
4 34 141 142 136
5 34 120 121 115
6 34 110 111 105
7 34 138 139 133
8 34 141 142 136
9 34 128 129 123
10 34 124 125 119
11 34 134 135 129
12 34 129 130 124
13 34 159 160 154
14 34 146 147 141
15 34 127 128 122
16 34 141 144 137
17 34 153 156 149
18 34 132 135 128
19 34 126 129 122
20 34 134 137 130
21 34 112 115 108
22 34 131 134 127
23 34 131 134 127
24 34 142 145 138
25 34 158 161 154
26 34 132 135 128
27 34 129 132 125
28 34 139 145 135
29 34 145 151 141
30 34 113 119 109
31 34 106 112 102
32 34 149 145 134
33 34 140 120 113
34 34 139 89 90
35 34 161 80 87
36 34 171 63 76
37 34 179 54 68
38 34 188 56 70
39 34 188 53 67
40 34 182 47 61
41 34 187 51 65
42 34 184 48 62
43 34 184 46 61
44 34 184 46 61
45 34 185 51 62
46 34 181 51 61
47 34 181 54 63
48 34 186 52 61
49 34 186 52 61
0 35 134 135 129
1 35 120 121 115
2 35 129 130 124
3 35 135 136 130
4 35 138 139 133
5 35 133 134 128
6 35 129 130 124
7 35 135 136 130
8 35 138 139 133
9 35 128 129 123
10 35 133 134 128
11 35 142 143 137
12 35 137 138 132
13 35 151 152 146
14 35 142 143 137
15 35 121 122 116
16 35 139 142 135
17 35 142 145 138
18 35 132 135 128
19 35 150 153 146
20 35 125 128 121
21 35 118 121 114
22 35 114 117 110
23 35 128 131 124
24 35 136 139 132
25 35 160 163 156
26 35 136 139 132
27 35 129 132 125
28 35 135 138 129
29 35 143 146 137
30 35 136 139 130
31 35 120 123 114
32 35 134 134 122
33 35 134 115 108
34 35 143 93 94
35 35 165 80 87
36 35 178 63 76
37 35 186 53 70
38 35 190 52 67
39 35 182 44 57
40 35 185 51 62
41 35 185 53 64
42 35 186 52 63
43 35 186 50 62
44 35 186 48 61
45 35 187 49 62
46 35 186 50 62
47 35 186 52 63
48 35 189 53 63
49 35 189 53 63
0 36 143 144 138
1 36 133 134 128
2 36 139 140 134
3 36 126 127 121
4 36 134 135 129
5 36 137 138 132
6 36 140 141 135
7 36 145 146 140
8 36 142 143 137
9 36 134 135 129
10 36 123 124 118
11 36 139 140 134
12 36 146 147 141
13 36 143 144 138
14 36 125 126 120
15 36 116 117 111
16 36 133 136 129
17 36 146 149 142
18 36 152 155 148
19 36 148 151 144
20 36 118 121 114
21 36 123 126 119
22 36 126 129 122
23 36 135 138 131
24 36 127 130 123
25 36 140 141 135
26 36 130 131 125
27 36 147 148 142
28 36 149 150 142
29 36 149 150 142
30 36 136 137 129
31 36 126 127 119
32 36 125 129 115
33 36 134 117 109
34 36 147 96 95
35 36 162 72 81
36 36 179 58 73
37 36 191 53 69
38 36 196 51 68
39 36 185 45 58
40 36 186 52 63
41 36 183 53 63
42 36 184 54 64
43 36 185 51 62
44 36 186 48 61
45 36 187 47 60
46 36 190 48 62
47 36 190 48 62
48 36 186 49 57
49 36 186 49 57
0 37 149 150 144
1 37 131 132 126
2 37 140 141 135
3 37 115 116 110
4 37 131 132 126
5 37 134 135 129
6 37 150 151 145
7 37 143 144 138
8 37 125 126 120
9 37 134 135 129
10 37 125 126 120
11 37 150 151 145
12 37 155 156 150
13 37 140 141 135
14 37 111 112 106
15 37 129 130 124
16 37 140 143 136
17 37 150 153 146
18 37 136 139 132
19 37 119 122 115
20 37 125 128 121
21 37 130 133 126
22 37 131 134 127
23 37 111 112 106
24 37 127 128 122
25 37 130 131 125
26 37 145 146 140
27 37 147 148 142
28 37 157 158 150
29 37 145 145 137
30 37 126 126 118
31 37 134 134 126
32 37 136 142 128
33 37 146 129 121
34 37 153 102 101
35 37 160 69 78
36 37 177 52 68
37 37 187 44 62
38 37 192 45 61
39 37 188 46 60
40 37 187 51 61
41 37 181 51 59
42 37 183 53 63
43 37 181 49 60
44 37 183 45 58
45 37 184 42 56
46 37 188 43 58
47 37 187 41 54
48 37 183 43 52
49 37 183 43 52
0 38 152 153 147
1 38 121 122 116
2 38 131 132 126
3 38 118 119 113
4 38 142 143 137
5 38 137 138 132
6 38 147 148 142
7 38 129 130 124
8 38 127 128 122
9 38 133 134 128
10 38 134 135 129
11 38 144 145 139
12 38 145 146 140
13 38 152 153 147
14 38 117 118 112
15 38 119 120 114
16 38 141 144 137
17 38 149 152 145
18 38 143 146 139
19 38 148 151 144
20 38 140 143 136
21 38 137 140 133
22 38 116 117 111
23 38 126 127 121
24 38 137 138 132
25 38 128 129 123
26 38 154 155 149
27 38 132 131 126
28 38 147 147 139
29 38 153 153 145
30 38 147 147 139
31 38 125 122 115
32 38 131 138 122
33 38 140 126 117
34 38 156 105 104
35 38 164 73 82
36 38 179 54 68
37 38 187 45 61
38 38 192 44 60
39 38 184 42 54
40 38 185 49 59
41 38 177 47 55
42 38 180 50 58
43 38 178 47 55
44 38 181 43 56
45 38 181 39 51
46 38 187 41 54
47 38 185 37 51
48 38 182 42 51
49 38 182 42 51
0 39 141 142 136
1 39 124 125 119
2 39 134 135 129
3 39 129 130 124
4 39 145 146 140
5 39 122 123 117
6 39 125 126 120
7 39 126 127 121
8 39 151 152 146
9 39 132 133 127
10 39 152 153 147
11 39 152 153 147
12 39 135 136 130
13 39 143 144 138
14 39 117 118 112
15 39 106 107 101
16 39 135 138 131
17 39 150 153 146
18 39 148 151 144
19 39 148 151 144
20 39 152 155 148
21 39 132 133 127
22 39 141 142 136
23 39 136 137 131
24 39 130 131 125
25 39 134 135 129
26 39 146 145 140
27 39 130 129 124
28 39 143 140 133
29 39 140 137 130
30 39 131 128 121
31 39 126 123 116
32 39 129 133 118
33 39 136 119 109
34 39 154 103 102
35 39 161 72 78
36 39 174 52 65
37 39 187 46 62
38 39 194 47 63
39 39 183 41 53
40 39 180 44 54
41 39 172 41 49
42 39 176 45 53
43 39 177 43 52
44 39 181 44 54
45 39 183 41 53
46 39 190 45 58
47 39 187 41 54
48 39 183 43 52
49 39 183 43 52
0 40 130 131 125
1 40 130 131 125
2 40 128 129 123
3 40 142 143 137
4 40 144 145 139
5 40 117 118 112
6 40 124 125 119
7 40 129 130 124
8 40 145 146 140
9 40 125 126 120
10 40 147 148 142
11 40 140 141 135
12 40 134 135 129
13 40 151 152 146
14 40 119 120 114
15 40 110 111 105
16 40 122 123 117
17 40 159 160 154
18 40 126 127 121
19 40 156 157 151
20 40 133 134 128
21 40 144 145 139
22 40 131 132 126
23 40 131 132 126
24 40 132 133 127
25 40 135 134 129
26 40 139 138 133
27 40 131 130 125
28 40 139 136 129
29 40 121 118 111
30 40 136 131 125
31 40 139 134 128
32 40 131 133 119
33 40 141 123 113
34 40 149 99 98
35 40 154 67 73
36 40 172 54 66
37 40 182 46 60
38 40 187 45 57
39 40 186 46 57
40 40 179 44 51
41 40 181 47 54
42 40 181 47 56
43 40 181 45 55
44 40 185 45 56
45 40 188 46 58
46 40 189 47 59
47 40 188 46 58
48 40 186 46 57
49 40 186 46 57
0 41 137 138 132
1 41 111 112 106
2 41 119 120 114
3 41 145 146 140
4 41 155 156 150
5 41 126 127 121
6 41 136 137 131
7 41 123 124 118
8 41 118 119 113
9 41 138 139 133
10 41 140 141 135
11 41 127 128 122
12 41 137 138 132
13 41 149 150 144
14 41 109 110 104
15 41 118 119 113
16 41 130 131 125
17 41 144 145 139
18 41 132 133 127
19 41 154 155 149
20 41 141 142 136
21 41 125 126 120
22 41 112 113 107
23 41 129 130 124
24 41 132 133 127
25 41 131 130 125
26 41 114 113 108
27 41 138 135 130
28 41 124 121 114
29 41 137 132 126
30 41 159 154 148
31 41 137 132 126
32 41 142 140 128
33 41 150 130 121
34 41 154 104 103
35 41 156 71 76
36 41 172 58 68
37 41 182 50 63
38 41 186 49 59
39 41 185 48 56
40 41 184 49 56
41 41 186 51 58
42 41 187 50 60
43 41 187 47 58
44 41 185 45 56
45 41 186 46 57
46 41 185 48 58
47 41 183 47 57
48 41 186 46 57
49 41 186 46 57
0 42 131 132 126
1 42 115 116 110
2 42 112 113 107
3 42 132 133 127
4 42 153 154 148
5 42 126 127 121
6 42 140 141 135
7 42 132 133 127
8 42 122 123 117
9 42 135 136 130
10 42 131 132 126
11 42 132 133 127
12 42 149 150 144
13 42 136 137 131
14 42 107 108 102
15 42 112 113 107
16 42 148 149 143
17 42 130 131 125
18 42 148 149 143
19 42 145 146 140
20 42 135 136 130
21 42 122 123 117
22 42 129 130 124
23 42 124 125 119
24 42 130 131 125
25 42 99 100 94
26 42 116 115 110
27 42 139 136 131
28 42 126 123 116
29 42 150 145 139
30 42 144 139 133
31 42 136 131 125
32 42 153 149 138
33 42 160 137 131
34 42 161 110 109
35 42 157 75 79
36 42 172 61 70
37 42 181 54 65
38 42 187 51 61
39 42 187 50 58
40 42 185 48 56
41 42 188 51 59
42 42 191 51 62
43 42 189 47 59
44 42 187 45 57
45 42 186 46 57
46 42 184 48 58
47 42 181 49 60
48 42 186 49 59
49 42 186 49 59
0 43 136 137 131
1 43 128 129 123
2 43 108 109 103
3 43 121 122 116
4 43 155 156 150
5 43 137 138 132
6 43 137 138 132
7 43 119 120 114
8 43 124 125 119
9 43 121 122 116
10 43 137 138 132
11 43 131 132 126
12 43 159 160 154
13 43 120 121 115
14 43 144 145 139
15 43 124 125 119
16 43 130 131 125
17 43 123 124 118
18 43 153 154 148
19 43 144 145 139
20 43 155 156 150
21 43 134 135 129
22 43 136 137 131
23 43 129 130 124
24 43 114 115 109
25 43 120 121 115
26 43 148 147 142
27 43 143 142 137
28 43 130 127 120
29 43 142 137 131
30 43 138 133 127
31 43 148 143 137
32 43 151 144 134
33 43 158 135 129
34 43 158 107 106
35 43 155 73 77
36 43 168 58 67
37 43 181 54 65
38 43 187 51 61
39 43 188 51 59
40 43 184 47 55
41 43 187 50 58
42 43 191 49 61
43 43 189 47 59
44 43 188 46 58
45 43 185 47 60
46 43 184 50 61
47 43 181 49 60
48 43 187 50 60
49 43 187 50 60
0 44 155 156 150
1 44 129 130 124
2 44 135 136 130
3 44 137 138 132
4 44 150 151 145
5 44 137 138 132
6 44 143 144 138
7 44 126 127 121
8 44 140 141 135
9 44 117 118 112
10 44 141 142 136
11 44 118 119 113
12 44 127 128 122
13 44 150 151 145
14 44 139 140 134
15 44 132 133 127
16 44 126 125 120
17 44 149 148 143
18 44 130 131 125
19 44 135 136 130
20 44 149 150 144
21 44 140 141 135
22 44 147 150 143
23 44 113 114 108
24 44 125 126 120
25 44 128 129 123
26 44 142 141 136
27 44 118 117 112
28 44 143 140 133
29 44 137 134 127
30 44 146 141 135
31 44 151 146 140
32 44 134 125 116
33 44 144 119 114
34 44 149 95 95
35 44 153 68 75
36 44 166 55 64
37 44 180 53 64
38 44 185 49 59
39 44 188 51 59
40 44 185 48 56
41 44 189 49 58
42 44 190 48 60
43 44 192 47 60
44 44 189 47 59
45 44 188 48 61
46 44 183 49 60
47 44 180 48 59
48 44 188 48 61
49 44 188 48 61
0 45 157 158 152
1 45 112 113 107
2 45 140 141 135
3 45 141 142 136
4 45 147 148 142
5 45 137 138 132
6 45 144 145 139
7 45 141 142 136
8 45 157 158 152
9 45 117 118 112
10 45 128 129 123
11 45 119 120 114
12 45 134 135 129
13 45 144 145 139
14 45 144 145 139
15 45 127 128 122
16 45 151 150 145
17 45 143 142 137
18 45 120 121 115
19 45 136 137 131
20 45 132 133 127
21 45 139 140 134
22 45 127 130 123
23 45 125 128 121
24 45 125 126 120
25 45 125 126 120
26 45 119 120 114
27 45 124 123 118
28 45 153 150 143
29 45 140 137 130
30 45 159 154 148
31 45 155 150 144
32 45 123 114 105
33 45 136 108 104
34 45 143 87 88
35 45 154 67 75
36 45 170 56 66
37 45 184 52 65
38 45 186 49 59
39 45 190 50 59
40 45 187 47 56
41 45 187 47 56
42 45 189 47 59
43 45 190 48 60
44 45 190 48 62
45 45 189 49 62
46 45 185 49 61
47 45 183 49 60
48 45 184 44 57
49 45 184 44 57
0 46 124 125 119
1 46 113 114 108
2 46 133 134 128
3 46 144 145 139
4 46 141 142 136
5 46 126 127 121
6 46 135 136 130
7 46 142 143 137
8 46 138 139 133
9 46 107 108 102
10 46 125 126 120
11 46 141 142 136
12 46 138 139 133
13 46 145 146 140
14 46 154 155 149
15 46 148 149 143
16 46 128 127 122
17 46 129 128 123
18 46 149 148 143
19 46 127 128 122
20 46 127 128 122
21 46 142 145 138
22 46 103 106 99
23 46 147 150 143
24 46 117 120 113
25 46 110 111 105
26 46 123 124 118
27 46 134 133 128
28 46 137 137 129
29 46 164 161 154
30 46 136 133 126
31 46 144 139 133
32 46 132 123 114
33 46 141 113 109
34 46 144 88 89
35 46 158 68 77
36 46 174 56 68
37 46 187 52 66
38 46 188 46 58
39 46 191 50 59
40 46 184 44 53
41 46 186 46 55
42 46 187 47 58
43 46 189 47 59
44 46 188 46 60
45 46 186 46 59
46 46 183 45 58
47 46 182 46 58
48 46 182 42 55
49 46 182 42 55
0 47 127 128 122
1 47 140 141 135
2 47 120 121 115
3 47 144 145 139
4 47 137 138 132
5 47 134 135 129
6 47 145 146 140
7 47 130 131 125
8 47 118 119 113
9 47 115 116 110
10 47 131 132 126
11 47 132 133 127
12 47 128 129 123
13 47 146 147 141
14 47 153 154 148
15 47 138 139 133
16 47 131 130 125
17 47 138 137 132
18 47 129 128 123
19 47 116 117 111
20 47 121 122 116
21 47 102 105 98
22 47 130 133 126
23 47 142 145 138
24 47 124 127 120
25 47 112 113 107
26 47 157 158 152
27 47 145 144 139
28 47 147 147 139
29 47 134 131 124
30 47 125 122 115
31 47 151 148 141
32 47 147 138 131
33 47 150 122 118
34 47 149 90 92
35 47 160 69 78
36 47 173 55 67
37 47 186 50 64
38 47 185 43 55
39 47 189 48 57
40 47 185 45 54
41 47 186 46 55
42 47 187 47 58
43 47 188 46 58
44 47 185 43 57
45 47 182 40 54
46 47 178 40 53
47 47 178 40 53
48 47 182 40 54
49 47 182 40 54
0 48 139 140 132
1 48 125 126 118
2 48 149 150 142
3 48 136 137 129
4 48 140 141 133
5 48 133 134 126
6 48 137 138 130
7 48 118 119 111
8 48 127 128 122
9 48 141 142 136
10 48 134 135 129
11 48 132 133 127
12 48 126 127 121
13 48 145 146 140
14 48 146 147 141
15 48 138 139 133
16 48 154 155 149
17 48 135 136 130
18 48 107 108 102
19 48 129 130 124
20 48 136 135 130
21 48 137 136 131
22 48 139 138 133
23 48 124 123 118
24 48 132 132 124
25 48 123 123 115
26 48 151 151 143
27 48 146 146 138
28 48 150 147 140
29 48 123 120 113
30 48 141 138 131
31 48 148 145 138
32 48 137 130 120
33 48 135 108 101
34 48 141 82 78
35 48 158 63 67
36 48 170 53 62
37 48 179 47 61
38 48 183 47 61
39 48 185 48 58
40 48 182 45 52
41 48 182 43 48
42 48 182 42 51
43 48 180 42 55
44 48 177 40 56
45 48 177 39 54
46 48 180 40 53
47 48 181 40 49
48 48 182 40 54
49 48 182 40 54
0 49 115 116 108
1 49 110 111 103
2 49 154 155 147
3 49 140 141 133
4 49 144 145 137
5 49 138 139 131
6 49 132 133 125
7 49 121 122 114
8 49 135 136 130
9 49 133 134 128
10 49 128 129 123
11 49 144 145 139
12 49 138 139 133
13 49 144 145 139
14 49 145 146 140
15 49 148 149 143
16 49 143 144 138
17 49 127 128 122
18 49 115 116 110
19 49 138 139 133
20 49 149 148 143
21 49 148 147 142
22 49 130 129 124
23 49 112 111 106
24 49 124 124 116
25 49 103 103 95
26 49 150 150 142
27 49 155 155 147
28 49 138 135 128
29 49 126 123 116
30 49 155 152 145
31 49 138 135 128
32 49 142 135 125
33 49 142 115 108
34 49 148 89 85
35 49 161 66 70
36 49 171 54 63
37 49 179 47 61
38 49 182 46 60
39 49 184 47 57
40 49 180 43 50
41 49 180 41 46
42 49 180 40 49
43 49 178 40 53
44 49 174 37 53
45 49 175 37 52
46 49 178 38 51
47 49 179 38 47
48 49 181 39 53
49 49 181 39 53
